POL_PK	POL_PK
83148057	26084514
82842128	26142674
83604593	26142685
83198737	26142700
83254066	26142713
82712764	26472337
83375856	26537320
83794928	26571471
82727808	26571473
83131107	26571474
83636986	26571477
83599333	26571479
83317275	26606306
83436273	26607410
82829143	26607419
83551060	26673581
83598419	26690384
82727763	26699321
83436379	26702354
83365203	82375615
83756616	82580786
82788250	82598789
83358025	82605777
83438912	82605787
83131110	82622748
83713899	82628733
83551057	82631238
83092914	82631431
83604601	82631936
83427936	82637093
83582061	82637096
83651426	82642859
83117605	82645817
83424968	82649004
82773921	82649058
83468994	82649124
83782858	82649127
83198660	82649131
83702859	82655065
83414891	82658705
83352869	82665301
83762247	82665302
83626249	82665303
82970785	82665304
83801060	82665305
83757940	82665306
83429945	82665307
83801062	82665308
83436359	82665309
83058900	82665310
82788274	82665311
83040141	82665312
83556758	82665313
83758651	82665314
83253973	82665315
83529018	82665316
83508284	82665317
83716770	82665318
82842140	82665319
83546145	82665322
83413977	82665335
83614955	82665362
82864473	82665364
83794113	82665374
83600553	82665389
83040137	82665395
82727787	82669298
82788252	82673467
83074027	82673495
83655372	82678822
83031896	82679722
82842156	82679728
83250804	82684052
83618926	82684131
83647857	82684139
83636742	82684157
83365413	82684158
83467968	82684179
83752808	82684188
83163075	82684189
83690710	82684190
83482844	82687765
83111855	82687769
83598425	82687772
83490855	82690738
82817813	82690744
83198742	82690745
83198645	82690746
83508894	82693668
83413601	82693676
83573218	82693729
83584118	82693743
83702882	82693744
83040166	82693749
83606292	82693754
83410645	82700744
83317607	82706959
83582075	82707014
82941721	82707015
83393088	82707061
83613944	82707071
82712873	82707075
82788270	82707097
83471993	82707098
83716637	82707099
83647839	82707100
82986586	82707101
82788277	82707102
82712879	82707103
82842137	82707104
83124430	82707105
83492570	82707106
83622789	82707107
83015125	82707108
83551051	82707109
83589359	82707110
83436145	82707111
82722889	82707112
83614920	82707113
83651666	82707114
83316186	82707115
83585156	82707116
83305368	82707117
83647869	82707118
83801059	82707119
83472094	82707120
83568678	82707121
83414898	82707122
83797062	82707123
83253970	82707124
83733913	82707125
82984356	82707126
82823332	82707127
83546212	82707128
82788174	82707129
83298102	82707130
83650170	82707131
83573076	82707132
83702660	82707140
83540775	82707142
83734820	82711657
83690720	82711775
83417128	82712727
83729921	82712754
83198744	82712756
83492663	82712757
83508886	82712758
83757953	82712759
82580804	82712760
83406054	82712761
83414601	82712762
83198729	82712764
82841972	82712765
83184749	82712766
82727762	82712767
83436367	82712768
83451228	82712770
83490636	82712771
82808995	82712772
83436386	82712773
83343688	82712782
83585189	82712803
82788195	82712819
83651464	82712822
83084433	82712823
83651298	82712824
83352875	82712825
82864474	82712827
83573075	82712828
83702846	82712845
83573090	82712867
83084471	82712868
83198731	82712869
83313937	82712870
83422122	82712871
83604479	82712872
83325930	82712873
83694823	82712874
82763376	82712875
83770777	82712876
83573095	82712877
82984362	82712878
83598433	82712879
83647847	82712880
82722908	82712881
83775969	82712882
83600548	82712883
83801930	82712884
83651215	82720069
83333663	82720596
82763597	82720597
83582082	82720599
83691770	82722862
83651515	82722863
83352873	82722864
83428967	82722865
83490803	82722866
83573185	82722867
83375860	82722868
83651526	82722869
82788251	82722870
83647838	82722871
83702924	82722872
83647800	82722873
82763588	82722877
83600543	82722883
83492566	82722885
83483822	82722888
83237069	82722889
82908068	82722890
82842138	82722891
83490826	82722892
83651348	82722893
83716912	82722894
83058851	82722895
83647851	82722896
83353883	82722897
82945484	82722898
82945599	82722899
83305360	82722900
83316078	82722901
83702861	82722902
82945493	82722903
26571473	82722904
83280875	82722905
83744633	82722906
83413801	82722907
83414017	82722908
83669873	82722909
83595166	82722910
83699752	82722911
83253994	82727762
83357973	82727763
83801097	82727764
82945583	82727765
83056328	82727766
83647799	82727767
83165079	82727768
83472030	82727769
83508249	82727770
83570893	82727771
82727782	82727772
83317405	82727782
83634296	82727784
83098705	82727785
83254005	82727786
83636167	82727787
83413999	82727788
83031878	82727789
83801065	82727790
83246283	82727791
82842225	82727792
82712767	82727793
83801010	82727794
83725688	82727795
82722895	82727796
83397108	82727797
83254055	82727798
83358049	82727799
83414958	82727800
83190815	82727801
83629917	82727802
83727328	82727803
83647859	82727804
83436373	82727805
83527804	82727806
83437905	82727807
83357991	82727808
83348127	82727809
83153737	82727820
83357924	82734834
83179944	82735058
83536987	82735064
83705603	82735070
83194661	82735073
82986585	82735077
83317646	82735083
82908077	82737948
83455930	82738412
83626224	82738447
83492568	82738448
83651533	82738456
83427938	82738457
83787779	82743610
82951060	82743617
83651672	82749701
83716772	82749702
83551047	82749740
83527826	82749741
83634276	82754001
83636997	82754015
83436388	82754018
83651476	82754021
83317611	82754029
83532010	82754030
83778909	82763291
83177907	82763376
83529016	82763583
83651532	82763586
83742457	82763587
83694828	82763588
82945478	82763597
83290799	82766095
82712768	82766113
83626259	82766114
83527854	82766119
82908047	82766183
83709865	82766186
83427939	82766189
83768795	82766227
83333666	82766230
83775970	82766237
83352871	82766240
82945496	82766242
83512407	82773904
82720597	82773921
83254069	82773925
83348772	82773927
82908065	82776721
83570877	82776793
83131284	82776800
83498362	82782275
83461796	82788174
83490769	82788178
83040171	82788188
82712845	82788195
83706860	82788203
83436398	82788224
83436287	82788225
83801931	82788226
83757939	82788227
83131187	82788228
83169088	82788229
83428800	82788230
83184866	82788231
83314043	82788232
83727330	82788233
83545119	82788234
83073967	82788235
82735083	82788236
82722900	82788237
83333659	82788238
82945592	82788239
83764863	82788240
83031905	82788241
83555900	82788242
83384256	82788244
83414908	82788245
83417067	82788246
82945467	82788247
83551036	82788248
83721878	82788249
83782835	82788250
83398786	82788251
83487205	82788252
83514966	82788262
83406027	82788264
83545109	82788265
82735077	82788266
83701715	82788267
83294711	82788268
83397180	82788269
82722872	82788270
83441797	82788271
83198713	82788272
83404172	82788273
83340694	82788274
82964040	82788275
82842088	82788276
83121035	82788277
83537321	82788278
82796733	82788279
83040147	82788280
83198633	82788282
83417095	82788283
83393075	82788284
83131291	82788285
82978723	82788286
83414136	82788287
83721162	82788288
83756645	82788289
83528930	82792733
83468170	82792785
83253980	82792878
83414000	82792879
83446807	82796733
83317564	82796827
83461160	82805800
83607034	82805801
83546202	83518799
82727791	83518800
83131115	83520473
83343689	83520484
83508278	83523681
82722885	83523825
83617868	83523844
83305344	83523850
83534896	83526859
83434953	83527257
83514924	83527776
83253983	83527779
83316096	83527782
83436383	83527792
83011175	83527798
83775910	83527804
83562655	83527813
83641963	83527821
83011895	83527824
83056297	83527826
83748848	83527827
83801088	83527828
82722907	83527829
83653834	83527830
83801058	83527846
83794927	83527851
83352889	83527852
83058847	83527853
83757945	83527854
82920647	83527859
82788280	83527869
83164872	83528789
83637031	83528930
83316079	83529000
83650830	83529001
83773619	83529003
83111849	83529005
83758813	83529006
82727793	83529008
83365411	83529009
82788233	83529011
83752809	83529013
83712871	83529015
82920702	83529016
83651546	83529017
82788288	83529018
83422130	83529020
83738728	83529022
83551674	83529025
83740900	83529035
83531965	83529039
83650837	83531956
83397107	83531958
83333669	83531965
83339079	83531967
82788224	83532009
83375842	83532010
83551025	83532011
83437907	83532718
83436115	83533564
83427937	83533565
83727182	83533566
83694795	83533567
82854013	83533634
83305352	83533636
83160794	83533637
83429829	83533638
83746844	83533640
83278864	83533712
83570880	83533720
83365206	83533724
83471847	83533869
82846866	83534621
83359530	83534831
83198700	83534832
83420879	83534887
83725611	83534889
83712964	83534890
83738800	83534891
83585157	83534896
83790635	83537321
82945483	83537745
83253968	83537749
83479346	83538923
83131199	83538933
83131137	83540774
82788226	83540775
82945559	83540777
83278628	83540778
83404202	83541144
83414204	83541146
83436351	83541892
83446758	83541895
83111747	83545016
83319808	83545105
83305477	83545108
83276920	83545109
83436387	83545113
83413997	83545119
83712958	83545121
83520473	83546145
83803841	83546179
83406025	83546202
83775918	83546212
83757952	83546214
83359535	83546217
83490857	83546227
83680701	83548878
83436365	83550006
83720831	83550050
83630881	83550148
83758804	83550980
82840226	83550984
83570888	83551022
83314044	83551023
83651525	83551024
83608092	83551025
83058846	83551026
83228902	83551027
83490838	83551028
83092904	83551029
83040048	83551030
83406048	83551032
83425000	83551033
83490859	83551034
83434868	83551035
83801936	83551036
82945590	83551037
83801978	83551038
82917227	83551039
83406063	83551040
82945460	83551041
83801071	83551042
83647837	83551043
83727319	83551044
83444917	83551045
83483771	83551046
83084470	83551047
83758852	83551048
83312389	83551049
83358026	83551050
83015168	83551051
83702856	83551052
82908081	83551053
82898762	83551054
83131165	83551055
82986556	83551056
83317659	83551057
83117668	83551058
83446763	83551059
83665663	83551060
83801080	83551061
83742426	83551062
83774658	83551063
83716720	83551673
83437886	83551674
83651529	83551679
26142674	83555786
83436292	83555841
83725676	83555842
83685947	83555899
83413978	83555900
83384244	83555907
83709856	83556758
82788237	83556759
83414957	83558692
83154732	83558705
83352878	83558706
83537749	83559888
83357972	83561236
83794097	83561237
83627658	83561245
83153732	83561247
83562618	83561248
82842218	83561249
83198739	83561253
83490836	83561254
83446713	83561262
83290814	83561714
83585151	83562151
83413985	83562153
83712847	83562615
83527853	83562617
83131177	83562618
83527828	83562619
83268630	83562620
83725669	83562621
82986521	83562622
83414172	83562623
83135013	83562624
83173219	83562626
83250805	83562638
83698931	83562644
83317358	83562650
82961609	83562652
83721210	83562654
82788283	83562655
83131127	83562656
83490844	83562666
83310463	83562675
83551055	83562679
83410947	83566667
83687074	83566814
83357990	83566815
83647861	83566823
82722901	83566829
83551063	83566835
83508896	83567815
83783867	83568578
83490847	83568583
83131157	83568646
83684762	83568647
83423755	83568648
83253967	83568659
83550050	83568678
83244914	83568679
82720069	83568733
83680693	83570679
83529006	83570776
83040124	83570872
83414961	83570873
83797603	83570877
83198719	83570878
83705801	83570880
83575732	83570888
83211675	83570893
83712846	83570942
83317359	83570943
83629952	83572816
83660406	83572993
83490841	83573062
83253988	83573063
82984351	83573066
82749701	83573067
82712727	83573071
83375852	83573072
82931551	83573074
82945575	83573075
83712900	83573076
83685953	83573089
83706807	83573090
83653730	83573092
83604592	83573095
83352883	83573097
83352885	83573099
83637013	83573104
83086879	83573106
83040151	83573110
83562644	83573121
83343684	83573129
83188667	83573178
83384255	83573179
83195001	83573185
83562675	83573188
83397197	83573189
83117664	83573200
83163185	83573201
83727185	83573202
83184863	83573203
83348124	83573204
83685911	83573205
83372088	83573206
83254054	83573218
82738456	83573221
83198718	83574962
83529015	83575732
82788244	83575757
82788236	83576031
83490858	83579167
83195007	83579168
83757946	83579170
83721161	83579171
83752815	83579178
83365202	83579181
83529035	83579855
82684052	83579856
83124428	83579871
83527798	83579873
83710840	83582060
83398829	83582061
83131200	83582063
83651605	83582066
83436268	83582069
26702354	83582071
83504133	83582075
83177910	83582076
83173236	83582077
83436374	83582082
83434964	83582085
83738768	83582092
83317576	83582093
82888856	83584110
83579167	83584118
83607055	83584131
82598797	83585095
82754015	83585151
83636165	83585156
83497228	83585157
83436278	83585163
83651514	83585187
83129424	83585189
82945628	83586274
82712822	83586283
83757957	83588165
83244761	83588166
83141772	83588534
83445831	83588536
83015196	83588537
83198666	83589355
82978718	83589359
82805800	83589362
83316091	83589370
83451211	83593292
83317662	83593298
83653898	83593825
83031936	83593835
83725269	83593845
82722910	83593855
83357967	83595114
83490856	83595120
83716919	83595166
83712963	83595167
83040052	83598364
83457212	83598419
83483766	83598424
83725613	83598425
83198745	83598427
83340693	83598429
83746867	83598432
83573202	83598433
83056326	83598439
82712874	83598479
83410892	83599014
83352880	83599333
83479351	83599351
83651655	83599358
83428966	83599390
83084467	83600501
83758661	83600503
83687105	83600515
82727784	83600543
83701931	83600546
83508283	83600547
83410953	83600548
83253785	83600549
83629882	83600550
83417137	83600553
83472042	83601007
82941725	83601068
83198641	83603673
83641988	83603674
83702881	83604386
83573205	83604387
82788249	83604478
82840227	83604479
82862615	83604592
83702039	83604593
82908062	83604598
83397214	83604601
83417099	83604602
83651558	83606292
83579856	83606333
83782742	83606394
83352879	83606401
83198726	83606404
83211673	83607034
83490860	83607054
83190829	83607055
83614925	83608084
83319803	83608092
83155748	83608098
83131169	83610822
83414941	83610823
82910867	83610992
83317409	83610993
83056350	83612032
83794022	83613884
83536988	83613888
82766186	83613900
83690003	83613944
83398848	83614665
83398809	83614666
83021729	83614888
83551059	83614920
83472027	83614922
83356197	83614924
83406874	83614925
83582066	83614955
83529025	83614956
83630892	82808920
83758802	82808995
83490638	82809024
83446790	82809025
83651407	82809030
83198628	82817684
83404175	82817800
83359448	82817802
83647840	82817809
83748846	82817813
83333711	82822721
83403185	82823330
83669906	82823332
83131252	82823338
83570872	82823342
83317482	82823343
83352874	82823344
83246280	82829143
83333668	82840226
83492572	82840227
83325934	82841887
83374075	82841963
83514971	82841966
83629970	82841970
83446801	82841971
83624923	82841972
82945614	82841975
83179913	82841976
83699707	82842012
83044215	82842013
83633814	82842019
83316094	82842026
83651609	82842030
83406975	82842033
83333573	82842037
83198648	82842038
83599351	82842043
83588166	82842044
83417176	82842059
83211982	82842064
83651545	82842068
83333667	82842070
83579855	82842083
83358043	82842084
83471983	82842088
83518799	82842089
83783820	82842090
83198741	82842094
83551673	82842096
83254073	82842118
83317404	82842124
83409844	82842125
83636996	82842126
83531967	82842128
83713883	82842131
83131162	82842134
83340625	82842135
83778913	82842137
83725521	82842138
83651353	82842139
83566815	82842140
83044432	82842141
83360352	82842143
83179882	82842151
83467963	82842155
83614922	82842156
82945617	82842157
83317656	82842161
83490773	82842171
83207739	82842218
82722865	82842221
83056358	82842225
83797885	82842227
82968054	82842233
83375841	82846791
82738412	82846862
82931564	82846866
83365160	82846880
83317653	82846933
83131193	82854013
83729887	82854018
83473070	82854024
83121038	82862615
83742420	82864473
83163204	82864474
83208619	82864476
83666859	82864477
83551023	82868753
83502073	82868760
83490762	82868765
83588165	82868768
82727797	82868769
83712966	82868777
82931562	82868797
82722902	82868830
83437887	82888825
83040019	82888827
82727767	82888831
83725490	82888841
83627667	82888845
83244766	82888856
83446781	82888857
83568646	82888861
83651613	82888868
83198646	82888878
83040274	82888915
83666748	82890708
83562620	82890713
83253987	82894864
83757948	82898762
82712828	82898834
83562623	82901675
83044450	82901676
83348768	82901746
83801084	82908039
83490822	82908040
82951052	82908041
83397120	82908045
83084439	82908047
83499791	82908052
83529039	82908056
83516353	82908062
83179958	82908064
82712870	82908065
83740939	82908068
82788228	82908077
83606394	82908081
83253789	82908149
82945077	82910867
83317648	82914676
83413621	82917227
83389778	82917228
83164795	82917229
83414822	82917236
83417153	82920647
83614972	82920699
82788287	82920702
83211681	82927022
83725596	82930780
83280898	82931551
82945463	82931559
83651354	82931562
83669826	82931564
83056334	82931566
83480071	82931646
83333661	82936637
83314042	82937179
83406046	82937181
83573121	82940700
83058891	82940708
82931646	82941720
83647855	82941721
83410899	82941722
83316634	82941723
83527851	82941724
82712884	82941725
83198665	82941726
82817802	82941799
83425018	82945077
83179914	82945260
83359554	82945261
83508282	82945273
82712757	82945335
82788286	82945340
83566814	82945344
83213969	82945451
83742485	82945457
83801952	82945460
83573106	82945463
83357993	82945464
82727803	82945466
83641961	82945467
83647860	82945478
83474329	82945481
82945610	82945482
83333686	82945483
83702898	82945484
83447746	82945486
83365409	82945491
83207741	82945493
83551040	82945495
83721190	82945496
83794895	82945537
83725614	82945542
83040148	82945545
83280198	82945547
83758815	82945553
83529008	82945555
83392616	82945557
83434844	82945559
83775936	82945560
83254063	82945565
83642827	82945574
83031892	82945575
83614924	82945577
83651425	82945583
83782749	82945590
83487968	82945592
83317622	82945599
83764885	82945606
82706959	82945610
83413783	82945611
83467945	82945612
82722898	82945613
83335599	82945614
83056284	82945615
83310269	82945617
83223587	82945618
83441798	82945628
83436391	82951046
83423756	82951049
82722905	82951052
83715694	82951060
83409780	82957080
83651527	82961609
83551026	82961926
83582076	82961932
83528789	82961934
82984361	82961961
83651667	82961964
83712965	82964040
83651539	82964110
83092894	82964241
83220901	82968050
83794789	82968054
83585095	82968091
82945464	82970773
82727786	82970785
83316076	82970786
82945344	82970788
82738457	82970793
83782849	82974467
82749741	82978718
83455928	82978719
83512480	82978720
82796827	82978721
83702027	82978722
83801086	82978723
83604386	82978724
83356172	82978729
83451231	82978732
83713877	82984347
83651511	82984348
83365412	82984349
83586274	82984350
83508892	82984351
83343701	82984352
83775940	82984353
83585187	82984354
83497225	82984355
83389960	82984356
83636896	82984358
83317402	82984359
83198644	82984360
83040206	82984361
83455941	82984362
83727172	82984363
83651421	82984364
82773927	82984370
83725678	82986513
83389763	82986521
83727307	82986536
83198738	82986542
83452139	82986544
82788239	82986556
83601068	82986557
83647867	82986558
83573200	82986584
83031906	82986585
83436296	82986586
83413983	82986597
83310432	82993557
83527821	82993563
83483908	83011175
83713900	83011181
83573066	83011182
83695674	83011866
83098744	83011881
83666736	83011895
83436308	83015125
83295099	83015153
83131256	83015168
83179891	83015169
83446754	83015196
83451226	83018824
83607054	83021729
83198743	83021734
82782275	83023691
83702862	83028487
83746855	83031874
82722864	83031878
83573092	83031880
83472029	83031881
83647853	83031883
83058902	83031892
83588537	83031896
83532009	83031898
83783869	83031903
83490830	83031905
83436378	83031906
83514935	83031911
82945261	83031915
83629889	83031916
83490723	83031920
83359543	83031921
83651642	83031926
82766237	83031932
82788266	83031933
83562622	83031934
83797059	83031936
83715610	83031951
83584110	83031952
83573062	83031954
83783868	83031955
83314045	83031956
83647841	83031957
82888845	83031959
82841971	83031965
83410896	83031971
82842135	83031972
83317582	83040019
83015153	83040022
83757944	83040026
83490832	83040028
82773904	83040029
83455950	83040034
83254043	83040035
83805142	83040040
83498375	83040043
83498355	83040048
82901746	83040052
83490840	83040053
83787722	83040058
83253990	83040123
83436299	83040124
82945273	83040128
83651535	83040133
83314116	83040137
83254105	83040138
83079138	83040141
82842012	83040147
83710834	83040148
83084474	83040149
83702009	83040150
83451227	83040151
82964241	83040152
83040128	83040154
83702034	83040155
83758837	83040157
82908052	83040161
83614888	83040166
83566829	83040171
83613884	83040175
83527859	83040182
83775939	83040205
83375879	83040206
83198689	83040207
83709845	83040208
83582063	83040209
83446759	83040210
83436369	83040215
83356211	83040216
83040026	83040222
83710836	83040223
83198616	83040249
83612032	83040251
83218819	83040274
83801085	83040287
83783802	83040291
83359539	83040295
83651355	83044215
83011866	83044310
83446802	83044337
83756737	83044430
83490754	83044432
83015169	83044433
83742423	83044439
83058860	83044443
83406036	83044450
82727792	83044451
83725661	83044452
83198687	83044453
83742425	83044456
83508902	83048586
83801074	83056028
82763587	83056064
82727790	83056284
83624934	83056289
83641960	83056297
82908039	83614963
83783860	83614964
83223580	83614972
83365427	83614973
82841970	83614976
82788227	83617704
83610993	83617868
83472005	83617869
83626258	83617871
83436354	83617872
83551024	83618924
83651610	83618926
83752812	83618927
83253969	83618937
83701714	83621675
82788268	83621676
83573104	83621775
83073847	83621783
83566823	83621784
82788289	83622775
83011181	83622789
83490757	83622880
83177898	83622897
83270912	83624758
83365436	83624923
83794790	83624928
83677751	83624929
83490820	83624930
83630906	83624932
83446789	83624933
83490842	83624934
83031957	83624937
83451212	83625695
83131183	83626205
83790796	83626212
83651507	83626215
83414914	83626224
83782856	83626238
83176945	83626249
83357939	83626258
83253971	83626259
83622880	83627622
83058854	83627656
83529013	83627658
83357970	83627667
83508885	83628629
83512372	83628630
83490854	83628684
83031956	83629882
83358027	83629889
83566667	83629917
83527813	83629940
83220917	83629952
83160789	83629970
82735070	83629971
83446780	83629972
83163217	83629973
82788203	83629974
83471867	83629984
83058857	83630868
82735073	83630869
83733612	83630879
83600550	83630881
83706862	83630884
83586283	83630892
83523850	83630898
83040040	83630906
83190838	83633682
83058893	83633683
83422173	83633814
83436362	83634081
83797053	83634082
83651543	83634272
83409781	83634273
83794916	83634275
83457200	83634276
83487976	83634296
83490806	83635883
82908045	83635992
83317403	83636154
83545113	83636165
82945542	83636167
82984352	83636186
83124431	83636742
83155743	83636821
83414938	83636896
83474340	83636979
83131269	83636986
83529009	83636987
83786730	83636996
83687084	83636997
83655512	83637013
83314040	83637015
83451134	83637018
83629972	83637031
83218818	83637606
82984349	83638109
83651530	83638128
82842096	83638460
83434930	83641618
82817684	83641702
83712967	83641959
82727795	83641960
83195019	83641961
83254006	83641962
82961964	83641963
83523825	83641973
83317567	83641986
82931566	83641988
83413994	83641993
83545108	83642654
83468931	83642655
83498367	83642818
83774590	83642826
83797888	83642827
83562153	83645637
83650176	83645687
82888827	83645688
83410948	83645690
83044453	83647623
83783824	83647626
83573110	83647634
83573201	83647637
82605777	83647640
83712606	83647642
83365213	83647646
83414034	83647659
83709866	83647765
82727772	83647766
83359532	83647767
83414020	83647768
83340698	83647769
83687097	83647792
83414867	83647799
83398791	83647800
82868797	83647835
83446803	83647837
83253979	83647838
83561249	83647839
83213735	83647840
83529005	83647841
83414886	83647842
83687076	83647843
82763586	83647844
83637018	83647845
83368248	83647846
82842089	83647847
83147927	83647848
83198728	83647849
83782848	83647851
83357934	83647852
83044451	83647853
83198637	83647854
83414858	83647855
83499792	83647856
82961961	83647857
83417165	83647858
83135010	83647859
83725618	83647860
83741610	83647861
82788284	83647862
83414859	83647863
83434934	83647864
83131278	83647865
83446800	83647866
83207811	83647867
82788272	83647868
83040287	83647869
83712889	83647870
83436286	83647871
82890713	83647875
83690005	83650170
83665765	83650175
83801950	83650176
83797054	83650179
82712823	83650181
82951046	83650184
83725704	83650830
83406973	83650837
83473059	83651215
83316222	83651278
83398795	83651283
83482861	83651291
83406068	83651298
83357994	83651303
83414874	83651347
82841976	83651348
83406061	83651349
83429944	83651350
83436376	83651351
83305382	83651352
83451135	83651353
83073932	83651354
83321502	83651355
83104182	83651389
83314260	83651407
82712770	83651411
83618927	83651421
83436361	83651423
83613888	83651425
83403170	83651426
83622897	83651429
83551038	83651461
82864476	83651464
83710844	83651465
83446778	83651473
83398789	83651476
83562619	83651477
83721160	83651479
83490849	83651481
83622775	83651507
83436392	83651508
82945606	83651510
83635992	83651511
83801924	83651512
83651283	83651513
83131201	83651514
83561236	83651515
83685951	83651516
83674857	83651517
83725562	83651518
82854018	83651519
83789804	83651520
83391439	83651521
83319793	83651522
83452099	83651523
83154731	83651525
83196659	83651526
83365400	83651527
83131173	83651528
83651615	83651529
83809779	83651530
83359536	83651531
83436357	83651532
82788265	83651533
83647864	83651534
83468922	83651535
83647866	83651536
83647845	83651537
82842033	83651538
83436279	83651539
83756646	83651540
83406033	83651541
83734819	83651542
83490834	83651543
83317407	83651544
83794884	83651545
83725492	83651546
83647862	83651547
82842131	83651558
83131109	83651561
82822721	83651600
82712881	83651602
83534889	83651605
83533566	83651609
83534891	83651610
83794897	83651613
83653894	83651615
83058878	83651616
83604478	83651617
83695749	83651642
83451233	83651655
83254056	83651659
83367064	83651661
83357971	83651666
83801922	83651667
83397137	83651672
83031965	83651675
83589370	83651719
83184868	83651722
83031915	83651746
83316077	83653730
83471849	83653834
83444926	83653894
83098723	83653895
83414072	83653898
83425017	83654604
82984355	83655015
82722862	83655372
83651541	83655512
83647875	83658672
83786772	83658673
83599358	83658783
83628630	83660259
83782844	83660308
83198730	83660310
83471996	83660358
83740936	83660406
83603674	83661959
83497205	83661968
83447777	83661971
83098738	83663189
82842157	83665663
83752818	83665664
83768344	83665678
83425042	83665681
83379484	83665765
82712756	83665767
82788278	83666736
83629974	83666740
83712970	83666748
82792879	83666831
83698932	83666848
83651516	83666851
83558692	83666854
83416726	83666859
83056064	83669643
83048586	83669826
83179892	83669863
83151741	83669873
82712759	83669906
83778833	83670614
82945553	83674830
83455952	83674857
82712878	83677750
83660259	83677751
83567815	83677755
83641702	83677756
83451259	83677757
83254011	83678876
83651521	83678927
83451209	83679781
83721157	83679785
83669863	83680693
83295086	83680701
83073885	83683691
83651520	83683692
83651675	83683693
82788230	83684706
83397116	83684762
82888841	83684778
82823342	83685911
83160767	83685916
83173188	83685947
83461175	83685951
83593298	83685953
82842068	83685982
82842124	83686942
83375844	83686947
83317600	83687074
83365426	83687076
83748742	83687081
83333664	83687084
83702019	83687090
83600503	83687097
83131138	83687104
83518784	83687105
83713887	83689914
83436384	83689915
83598427	83689922
83582071	83689923
83555786	83689996
83437888	83690002
83570776	83690003
82788246	83690005
83666848	83690006
83600549	83690008
83551035	83690710
82738447	83690720
82788238	83690798
83716737	83690800
83721192	83691770
83455954	83694795
83746849	83694796
83414978	83694823
83756662	83694826
83582092	83694828
82788282	83694832
82727802	83695600
83801072	83695623
82842090	83695624
83777794	83695650
83278866	83695651
83319804	83695674
83040205	83695733
83742345	83695734
83699154	83695735
83471978	83695737
83550006	83695749
82712869	83698931
83414895	83698932
82945560	83699154
83778931	83699155
83253985	83699706
83618937	83699707
82727769	83699708
82712819	83699709
26571474	83699723
83699155	83699724
83173232	83056303
83490845	83056307
83647769	83056326
83783816	83056327
83647858	83056328
83358051	83056330
82788275	83056333
83801977	83056334
26606306	83056346
83748850	83056349
82846933	83056350
83436380	83056355
83198725	83056358
83384251	83058838
82712871	83058841
83575759	83058844
83398785	83058846
82727800	83058847
83173183	83058851
82788285	83058853
83358023	83058854
83529022	83058855
83666854	83058857
83471988	83058860
83721884	83058861
83389809	83058871
82842125	83058873
83570943	83058878
83436262	83058886
83789812	83058888
82984359	83058891
83160786	83058892
83366116	83058893
83492573	83058894
83516382	83058896
83710930	83058900
83352892	83058901
83490823	83058902
83190819	83058904
83490853	83062861
83406064	83062865
83436281	83062950
82940700	83062956
83254008	83062957
83436119	83073771
82805801	83073847
82788178	83073851
82945612	83073879
83153685	83073885
83479322	83073932
83316188	83073967
83452143	83073979
83188665	83074027
83446756	83074037
83527852	83079138
83208643	83083809
82978729	83084433
83317580	83084439
83641986	83084467
83413982	83084470
82842171	83084471
83534890	83084472
83634081	83084474
83366125	83084894
83523681	83084895
83775935	83086879
83617704	83086883
83757951	83090907
83179998	83092894
83573178	83092904
83702953	83092909
83314384	83092914
83195009	83096188
83436385	83096189
83031952	83098205
83777782	83098694
83527776	83098702
83319805	83098705
83040123	83098713
83305364	83098723
83198732	83098738
82846880	83098744
26142685	83098758
83333662	83104182
83801954	83109741
83595167	83111747
83427781	83111815
82945545	83111835
83018824	83111845
83710832	83111849
83410893	83111855
83393093	83112734
83365214	83112735
83738726	83115938
82945260	83115939
83389813	83117605
83317586	83117664
83679785	83117668
82817809	83117675
83040043	83121032
83253981	83121035
83801082	83121038
83651540	83124409
83801070	83124425
83131191	83124428
83487783	83124430
83418382	83124431
83357937	83124434
83313936	83124436
83429828	83124845
83352891	83124846
83211786	83129423
83764864	83129424
83601007	83131100
83518800	83131107
83727178	83131109
83721191	83131110
83757947	83131111
83490668	83131115
83702014	83131117
83651303	83131123
83253972	83131124
83651661	83131125
82984360	83131127
83375851	83131133
83492586	83131137
83436356	83131138
83508265	83131140
83782853	83131144
83406039	83131145
83073979	83131148
83531958	83131154
83783803	83131157
83359541	83131162
83353884	83131165
83756648	83131167
83647843	83131169
82842064	83131173
83742357	83131175
83359533	83131177
83370899	83131178
83207740	83131183
83742384	83131185
83757941	83131186
83548878	83131187
83446751	83131188
82984347	83131190
83628629	83131191
83398830	83131193
83579871	83131197
82776721	83131199
83452060	83131200
83545105	83131201
82766119	83131249
83579170	83131252
26690384	83131256
82842043	83131269
83317589	83131270
83794786	83131278
83742489	83131284
82842044	83131287
83254057	83131291
83533720	83135005
83198688	83135010
83397147	83135013
83254007	83138876
83310436	83138877
82945537	83139946
83040208	83140033
83056307	83141606
83422151	83141772
83294239	83141917
83778910	83141924
82941722	83141927
83492515	83145742
83651538	83145743
83527824	83145748
82788264	83145750
83558706	83147927
83194664	83148049
83253982	83148057
83298092	83148069
83446762	83151735
83389418	83151741
83651523	83151805
83469032	83151809
82722888	83151812
83250797	83153685
83487978	83153732
83357948	83153733
83634082	83153737
83436381	83154731
83801116	83154732
83389805	83154738
83280979	83154739
83665664	83155722
83593825	83155743
83169028	83155748
83666851	83155749
83198735	83159883
83254047	83159884
83414076	83159888
83551033	83159889
82792878	83160767
83058871	83160786
82722903	83160789
83254051	83160794
83442759	83163075
83504132	83163076
83782850	83163078
83527779	83163081
83131249	83163184
83624928	83163185
83573189	83163197
83624933	83163200
83523844	83163204
83579178	83163207
83570679	83163217
83427810	83163223
83418379	83164791
83783810	83164795
83254040	83164872
83040155	83164930
83164791	83165074
82712882	83165079
83647870	83168754
83647871	83168757
83389789	83168760
83777795	83168768
83482862	83169027
83573204	83169028
82945547	83169088
83529000	83169093
83058888	83173183
82788232	83173185
83490805	83173188
83627622	83173190
83716885	83173192
83508287	83173194
83196656	83173211
83647848	83173219
83651522	83173228
82722891	83173232
83651534	83173236
83194901	83176788
82712877	83176944
83317360	83176945
83190835	83176950
83316180	83176951
82970793	83177827
83573072	83177877
83576031	83177898
83028487	83177906
83353879	83177907
83630879	83177909
83725543	83177910
83629973	83179882
83353880	83179883
83444877	83179891
83254044	83179892
83316212	83179911
82842038	83179913
83438914	83179914
83801020	83179918
82930780	83179944
82854024	83179958
83317587	83179961
83403223	83179976
83198692	83179998
83365405	83184749
83317651	83184800
82722871	83184863
83461173	83184864
83176944	83184866
83606401	83184868
83536984	83184870
83211991	83188665
83794894	83188666
82727796	83188667
82727768	83188811
83410920	83188818
82722866	83188824
82986513	83190810
82720596	83190815
83482860	83190819
83436370	83190829
82823338	83190835
83716719	83190836
83695737	83190838
83527257	83193907
83647846	83193908
83409783	83193914
83614964	83193916
83437883	83194648
83366150	83194651
83427925	83194652
83598364	83194661
83417171	83194662
83550980	83194664
83647868	83194901
83738769	83194999
82984354	83195001
83660308	83195003
82788279	83195004
83702865	83195006
83562679	83195007
83702665	83195008
83031920	83195009
82788247	83195019
83538933	83196656
83561248	83196658
83040210	83196659
83733896	83198154
83651746	83198155
83614976	83198396
83131287	83198581
83621775	83198613
82809030	83198616
83801057	83198628
83254053	83198631
82712771	83198633
83642826	83198637
83472096	83198641
83366166	83198642
83801083	83198643
83532718	83198644
83794887	83198645
82964110	83198646
83414882	83198648
83674830	83198656
83651411	83198660
83730945	83198665
82945565	83198666
83573099	83198670
83638460	83198671
83163200	83198687
83058904	83198688
83040249	83198689
83573063	83198692
83468061	83198700
83502074	83198713
83317410	83198714
83512944	83198715
83384245	83198716
83801016	83198717
83647844	83198718
83424966	83198719
83317408	83198721
83358040	83198722
83561262	83198723
83420848	83198724
82722883	83198725
83709646	83198726
82712872	83198727
83647854	83198728
83031971	83198729
83582077	83198730
82841975	83198731
83031881	83198732
83712972	83198733
83056346	83198734
83290828	83198735
83198717	83198736
83490811	83198737
83508274	83198738
82712772	83198739
83254046	83198740
83040161	83198741
83551028	83198742
83280206	83198743
83651389	83198744
83155749	83198745
83405752	83207179
83429955	83207180
83056330	83207189
83348775	83207739
82842227	83207740
83366168	83207741
83490846	83207804
83713885	83207809
83782877	83207810
83194662	83207811
83414969	83207812
83757671	83208619
83778829	83208643
83582085	83211673
83709774	83211675
83253989	83211676
83428959	83211681
83333700	83699725
83794791	83699741
83184864	83699752
82722863	83701711
82738448	83701712
83044456	83701713
83359553	83701714
83606404	83701715
83254071	83701930
83359537	83701931
83541146	83702000
83702073	83702009
83699709	83702014
83490802	83702019
82986584	83702024
83151809	83702027
82722869	83702029
82978732	83702034
83626212	83702039
83468938	83702050
82776800	83702073
83367080	83702083
83040149	83702096
83254079	83702659
83446783	83702660
83462437	83702664
82788273	83702665
83417172	83702844
83131140	83702845
83151805	83702846
83589362	83702847
83040223	83702854
83333588	83702856
83429966	83702857
83319615	83702859
83775975	83702861
83551027	83702862
82927022	83702865
83131124	83702881
83253984	83702882
83490690	83702885
83651528	83702897
83056289	83702898
83434956	83702924
83406058	83702953
83790795	83702955
83650175	83705602
83418428	83705608
83163223	83705801
83550984	83706032
83317591	83706807
83721164	83706837
83198642	83706857
83651479	83706860
83357965	83706862
83246272	83706863
83647766	83706878
83429954	83709645
83690800	83709646
83111835	83709730
83436298	83709774
83406040	83709844
83786741	83709845
83434792	83709852
83357925	83709853
83651291	83709856
83056355	83709865
83725615	83709866
83690008	83710832
83725560	83710834
83393810	83710836
83413620	83710840
83756644	83710844
83562617	83710879
83716902	83710930
83727336	83712605
83801968	83712606
83651517	83712958
83550148	83712959
83533567	83712960
83436350	83712961
83630869	83712962
83352877	83712963
82842126	83712964
82978722	83712965
83220897	83712966
82712803	83712967
83436377	83712968
83756642	83712969
83598432	83712970
83702050	83712971
83254039	83712972
83062956	83712997
83348773	83713857
83446809	83713871
82766242	83713874
82908056	83713875
83474247	83713877
82788188	83713882
83268629	83713883
83497210	83713884
83716729	83713885
83451286	83713887
83595114	83713897
83651616	83713899
82908041	83713900
83436358	83715609
83179883	83715610
83690006	83715630
83436304	83715694
83701713	83715704
83472028	83715705
83702844	83715734
82908149	83715744
83131123	83716636
83589355	83716637
83357968	83716719
83044433	83716720
83758851	83716728
83598424	83716729
83529011	83716737
83446782	83716738
83414950	83716739
83406065	83716753
83725674	83716755
83357969	83716770
82945491	83716772
83317274	83716884
82712761	83716885
82727766	83716896
83774634	83716899
83721877	83716900
83654604	83716901
83424967	83716902
83290825	83716903
83391366	83716910
83573129	83716911
83624937	83716912
83740619	83716913
83333665	83716914
82842026	83716919
83716913	83720736
83689996	83721050
83533712	83721157
83490850	83721158
83353881	83721160
83098205	83721161
83483931	83721162
83414856	83721164
83131270	83721189
83725692	83721190
83794899	83721191
83406049	83721192
83031954	83721210
83638128	83721877
83702029	83721878
83317661	83721884
83298107	83724622
83163081	83725269
83742404	83725490
83551679	83725492
83413619	83725516
83559888	83725518
82712876	83725521
83617872	83725543
83706857	83725560
83198714	83725562
83444905	83725563
83801068	83725596
83527830	83725610
82727771	83725611
83121032	83725612
83117675	83725613
83314267	83725614
83579181	83725615
83163207	83725616
83040222	83725618
83562650	83725661
83677756	83725669
82978721	83725674
83333702	83725675
83551032	83725676
83389773	83725677
83446757	83725678
83317415	83725688
83492539	83725692
83706878	83725704
83537745	83725718
83431794	83727172
83687090	83727173
83527827	83727178
83317647	83727179
82901676	83727182
83031911	83727185
83040215	83727307
83486834	83727319
83446788	83727328
83490753	83727330
83757954	83727336
83551058	83727341
83040216	83729921
83413988	83733612
83660358	83738726
83062861	83738728
83319806	83738739
83359466	83738741
82888915	83738743
82945482	83211786
83317620	83211982
83375845	83211991
83562626	83211997
83757942	83213735
83529020	83213969
83198155	83214861
83220114	83214926
83445862	83214929
83031880	83214946
83098694	83214949
83406067	83214950
83624932	83214952
83417160	83217385
83526859	83218818
83561237	83218819
83748853	83220114
83317602	83220894
83801081	83220897
82727798	83220901
82766095	83220908
82773925	83220909
83410901	83220917
83444915	83220923
83404201	83223580
83725612	83223581
83716900	83223587
83413987	83223589
83570878	83223666
83545016	83223668
83131148	83223669
83541892	83223670
82974467	83223688
83684706	83223699
83678874	83228902
83512412	83228955
83254042	83228958
83414821	83228961
82984364	83228964
83397199	83230739
83417142	83230809
83630884	83230812
83679781	83230843
83702897	83234795
83473091	83234802
82978720	83234803
83801076	83234810
82868769	83234828
83628684	83237069
83490764	83244238
82766183	83244241
83689915	83244243
83278870	83244761
83393819	83244766
83428957	83244914
83333715	83246253
83568733	83246272
26699321	83246280
83508280	83246283
83040022	83250797
83179918	83250798
83414731	83250804
83702000	83250805
82945574	83251188
82763583	83253785
83253978	83253787
83410618	83253789
82984358	83253962
83131117	83253967
83414870	83253968
83678927	83253969
83801932	83253970
83540774	83253971
83490837	83253972
83436259	83253973
83365404	83253974
83801079	83253976
83414876	83253977
82842143	83253978
83446755	83253979
83198671	83253980
83665678	83253981
83084472	83253982
83098713	83253983
83647842	83253984
82842059	83253985
82788269	83253986
83551052	83253987
83359534	83253988
83131133	83253989
83058901	83253990
83389816	83253994
83529017	83254001
83389959	83254005
83305372	83254006
83177827	83254007
83414232	83254008
83729886	83254009
83787775	83254011
83782836	83254039
83358028	83254040
83794907	83254041
82727794	83254042
83687081	83254043
83621676	83254044
83254049	83254046
83040053	83254047
83716739	83254048
82941723	83254049
83031921	83254050
83626215	83254051
83131188	83254052
83195008	83254053
83647863	83254054
83031959	83254055
83044430	83254056
83650179	83254057
83357936	83254058
83579168	83254059
83809771	83254063
82908064	83254066
83716896	83254069
83056327	83254071
83715744	83254073
83546227	83254079
83538923	83254105
82842221	83257776
83533869	83257778
83794118	83257795
83414945	83257839
83374029	83257844
82890708	83257845
83716914	83266765
83514946	83268629
83250798	83268630
83716728	83268642
83398790	83270912
83397139	83270915
83436355	83270922
83775909	83276153
82735064	83276154
83658672	83276920
83333694	83278628
83253976	83278672
83356214	83278673
83520484	83278760
82945335	83278864
83794893	83278866
83436353	83278868
83131167	83278870
82945615	83280197
82727764	83280198
83446760	83280205
83641962	83280206
83490751	83280244
83335686	83280334
83789811	83280335
83651512	83280336
83179961	83280337
82776793	83280339
83397163	83280875
83040133	83280898
82766114	83280940
83712997	83280979
83193907	83281008
82722897	83281009
83253787	83284351
83593855	83284917
82993563	83284918
83190810	83284922
83551054	83284923
83562615	83284924
82754001	83284925
82788225	83284927
83689914	83284928
82941720	83284929
82722896	83284934
83651349	83284974
83661971	83284975
83727341	83290040
83352859	83290072
82712758	83290084
83397127	83290799
83598439	83290814
83490804	83290825
83352882	83290828
83194651	83293903
83579873	83293904
83701712	83293907
83062865	83293909
83573067	83294239
83670614	83294711
83794909	83295086
83647768	83295099
83677755	83298092
82809025	83298093
83716755	83298094
83479325	83298102
82868777	83298107
83468905	83300150
83629971	83303653
83374042	83303655
83562621	83303658
83413996	83303659
83177909	83303661
83414207	83303662
83436360	83303663
82722868	83303665
83410919	83303667
83651351	83303668
83498368	83303676
83370911	83303677
83473100	83305344
82940708	83305348
83417141	83305352
83641973	83305360
82961926	83305364
82735058	83305368
83684778	83305372
83801087	83305376
83056349	83305381
83516401	83305382
82712867	83305477
83333660	83308670
83446764	83308671
83168760	83308679
83253977	83308685
83716911	83308696
83651561	83308697
83058853	83308701
83467966	83308702
83756661	83308707
83317577	83308708
83787724	83308710
83418433	83308720
83131145	83308721
83694832	83308730
83702885	83308731
83357933	83308733
83570942	83308735
83651278	83308736
83335608	83308737
83666831	83308738
83230843	83308740
82894864	83308747
83462417	83308749
83551049	83308754
83661959	83308756
83794890	83309716
83467961	83310269
83551037	83310292
83555907	83310432
83617871	83310435
83403183	83310436
83131186	83310463
83131125	83312389
83148049	83312894
82749740	83313757
83317484	83313936
83725675	83313937
83031951	83313994
82986557	83313996
83198631	83314038
83190836	83314039
83385494	83314040
83725518	83314041
83642654	83314042
82766189	83314043
82722899	83314044
83689922	83314045
83468914	83314116
82712773	83314258
82917228	83314260
83436371	83314267
83531956	83314384
83414139	83315902
82788241	83315916
83782857	83316076
83636821	83316077
83425019	83316078
83414018	83316079
83742385	83316090
83451242	83316091
82984350	83316094
82727765	83316096
83223581	83316098
82868768	83316110
82712824	83316180
82722892	83316186
83409795	83316188
83254058	83316205
82842139	83316212
83540777	83316222
83479341	83316634
82842019	83317274
83198727	83317275
83774583	83317341
82841887	83317358
83040035	83317359
83721158	83317360
83278868	83317402
83188811	83317403
82788242	83317404
82712868	83317405
83621784	83317406
83040175	83317407
83650181	83317408
83198721	83317409
83281008	83317410
83333610	83317415
82712880	83317420
26673581	83317482
83541144	83317484
83562656	83317564
83406045	83317567
83801089	83317576
83410890	83317577
83414711	83317580
83635883	83317582
83598429	83317583
83636987	83317586
83436368	83317587
83716899	83317589
83801021	83317591
82970788	83317592
83131111	83317597
83712959	83317600
83410898	83317602
83558705	83317607
83461177	83317608
82722870	83317611
83801946	83317619
83716901	83317620
83658783	83317622
83159883	83317646
83141924	83317647
83352890	83317648
83490843	83317651
83716884	83317653
82842141	83317656
83624758	83317657
82957080	83317659
82817800	83317661
83198723	83317662
82888878	83317664
83414015	83319615
83313996	83319793
83713875	83319803
26142700	83319804
83742487	83319805
83562151	83319806
83490814	83319808
83305348	83321502
82722906	83325930
82722873	83325934
83782854	83325981
83636979	83327504
82727788	83333573
83436375	83333588
83721189	83333592
82842151	83333600
83801066	83333610
83534832	83333659
82986558	83333660
83124436	83333661
83253986	83333662
82945466	83333663
83365425	83333664
83163197	83333665
83417097	83333666
82737948	83333667
83195004	83333668
83774669	83333669
83343694	83333670
83040028	83333686
83056333	83333694
83687104	83333700
82945618	83333702
83194999	83333711
83712971	83333715
83690798	83335599
83474326	83335608
83809710	83335686
83642655	83339079
83715734	83339152
83794167	83340625
83418389	83340626
83467952	83340630
83436116	83340631
82766227	83340693
83570873	83340694
82920699	83340698
82842030	83340699
83083809	83342658
83406967	83342659
83624930	83343683
83709730	83343684
83512411	83343688
83566835	83343689
83436372	83343694
82788245	83343701
83801078	83343704
83660310	83345823
83131190	83345827
82986597	83345839
83562654	83348119
82722894	83348124
83317608	83348127
83546214	83348768
83145742	83348772
83198724	83348773
82945481	83348775
83413998	83352859
83040207	83352861
83198734	83352869
83725616	83352871
83198722	83352872
83270915	83352873
82986542	83352874
83775949	83352875
83677750	83352876
83630868	83352877
83647792	83352878
83473089	83352879
83651544	83352880
83188818	83352881
83365434	83352882
83424975	83352883
83490808	83352885
82898834	83352889
83709844	83352890
83758809	83352891
83540778	83352892
82712825	83353879
83447822	83353880
83630898	83353881
82727789	83353883
83193908	83353884
83794934	83356172
82961934	83356197
83573089	83356211
83490852	83356214
83551050	83357921
83551043	83357924
83173228	83357925
82908040	83357933
83794133	83357934
83414975	83357935
83762277	83357936
83490813	83357937
82788235	83357938
83447790	83357939
82842037	83357948
83713871	83357965
83801069	83357967
83074037	83357968
83461152	83357969
82842161	83357970
83498373	83357971
83436382	83357972
83177877	83357973
83647852	83357974
83551062	83357990
83314038	83357991
83742346	83357993
83310292	83357994
82970786	83358023
83546217	83358025
83568648	83358026
83529001	83358027
83358050	83358028
83044452	83358040
83626238	83358043
83345827	83358049
83268642	83358050
83207809	83358051
82788234	83359448
83721818	83359466
83651518	83359530
83757949	83359532
82941724	83359533
83198643	83359534
83573074	83359535
83712969	83359536
83406062	83359537
82722877	83359539
83414984	83359540
83725032	83359541
83437891	83359543
83451204	83359553
83490659	83359554
83655015	83359555
83562652	83360352
83375880	83365160
83417163	83365202
83434975	83365203
83414203	83365206
83702083	83365213
83410952	83365214
82722890	83365215
83695735	83365400
82868760	83365401
82727804	83365404
83184870	83365405
82823343	83365409
83551053	83365411
83783830	83365412
83508248	83365413
83159884	83365425
83568679	83365426
83198740	83365427
83124434	83365434
83316205	83365436
83480059	83366116
82727785	83366125
83270922	83366150
83452146	83366166
83414138	83366168
82931559	83367064
82722893	83367066
83040157	83367080
83541895	83367087
83545121	83368248
83254059	83368252
83546179	83370899
83536992	83370903
83685916	83370907
83011881	83370911
83572993	83370915
83604602	83372088
83634273	83374023
83141917	83374029
83534887	83374042
83588536	83374075
83040138	83375803
83487762	83375839
83459753	83375841
83131154	83375842
83551030	83375844
83333592	83375845
83314258	83375848
82961932	83375851
83317341	83375852
83131185	83375856
83131144	83375860
83651537	83375861
83398808	83375877
83642818	83375879
83436366	83375880
82808920	83379484
83579171	83379655
83551044	83381074
83551045	83381210
82945495	83384243
83254052	83384244
83473105	83384245
82842094	83384251
82788248	83384255
83492514	83384256
83427965	83385494
83446796	83385507
83551029	83389418
83514967	83389763
83801061	83389773
83436352	83389778
83427940	83389789
83011182	83389805
82722904	83389809
83599014	83389813
83479328	83389816
83451136	83389959
83641618	83389960
83695734	83391366
83634272	83391416
83436263	83391439
83467946	83391502
83451202	83392616
82984353	83393075
82993557	83393076
82754018	83393088
82763291	83393093
83527792	83393810
83490848	83393819
83573179	83397107
83651513	83397108
83413990	83397112
83641993	83397116
83359555	83397120
83425044	83397127
83375877	83397137
83637015	83397139
82945340	83397147
83774651	83397163
83406044	83397180
83561253	83397197
82727807	83397199
83472032	83397214
83124425	83398775
83748863	83398785
83757937	83398786
83490851	83398787
83651519	83398788
83490768	83398789
83348119	83398790
83031916	83398791
83086883	83398795
83766580	83398808
83406060	83398809
83551034	83398829
83109741	83398830
83651481	83398848
83508281	83403170
83317664	83403183
83705602	83403185
83702845	83403223
83721050	83404172
83757956	83404173
83647849	83404175
83406056	83404201
83551061	83404202
83651536	83405601
83254041	83405752
83140033	83406025
83568578	83406027
82743617	83406031
83809798	83406033
83666740	83406036
83568647	83406039
83253962	83406040
83437881	83406044
83651722	83406045
83725058	83406046
83254009	83406047
83487011	83406048
83492585	83406049
83689923	83406050
83370915	83406051
83314041	83406052
82984370	83406053
83778858	83406054
83663189	83406055
83040154	83406056
83801951	83406057
83706863	83406058
83370907	83406059
83214861	83406060
82792785	83406061
83621783	83406062
83778686	83406063
83527782	83406064
83367087	83406065
83573221	83406067
83446765	83406068
83451273	83406874
83651423	83406967
83775919	83406973
83690002	83406975
83665767	83409780
83562638	83409781
83438907	83409783
82951049	83409785
83651602	83409795
83280205	83409844
83436124	83409846
82711775	83410618
83031932	83410645
83794891	83410890
83716738	83410892
82945457	83410893
83490839	83410896
83555842	83410898
82986536	83410899
83198613	83410901
83482843	83410919
83738743	83410920
83712968	83410947
83551056	83410948
82945451	83410952
83573206	83410953
83782851	83413601
82749702	83413619
83513314	83413620
83725610	83413621
83031898	83413766
83647767	83413783
83169093	83413801
83436284	83413977
83574962	83413978
83562666	83413982
83716910	83413983
82941726	83413985
83713884	83413987
82846862	83413988
83789815	83413990
83413766	83413994
83651347	83413996
83422174	83413997
83634275	83413998
83758834	83413999
82788271	83414000
83145743	83414015
83748797	83414016
83498374	83414017
83406052	83414018
82766113	83414019
83414940	83414020
83058844	83414034
26142713	83414072
83710879	83414076
83573097	83414133
83724969	83414136
82788229	83414138
83651473	83414139
83211997	83414145
83702847	83414153
83417148	83414162
82978719	83414164
83414145	83414172
83352881	83414203
82727799	83414204
82722911	83414207
83588534	83414232
83527829	83414601
82788262	83414711
83661968	83414731
83317657	83414821
83040029	83414822
83727179	83414856
83572816	83414858
83316090	83414859
83651659	83414867
83651352	83414870
83727067	83414874
83198715	83414876
83774630	83414882
82712782	83414886
83653895	83414891
83253974	83414895
83647765	83414898
83375848	83414900
83568659	83414908
83658673	83414914
83298094	83414937
83452133	83414938
83683693	83414940
83195003	83414941
83551042	83414945
83651542	83414947
83333670	83414950
83713897	83414951
83706032	83414957
83422113	83414958
83599390	83414961
83677757	83414969
83198736	83414975
83561254	83414978
83427926	83414984
83801948	83416726
82722909	83417067
83600546	83417095
83508239	83417097
82823344	83417099
83651477	83417128
83479348	83417137
83794123	83417141
83398787	83417142
83695733	83417148
83742488	83417153
83702024	83417160
83352861	83417163
83492562	83417165
83490763	83417171
83058855	83417172
83406059	83417176
82743610	83418379
83794112	83418382
82945555	83418389
83665681	83418414
83508285	83418428
83801961	83418433
83444908	83420848
82712883	83420879
83345839	83422113
83651600	83422122
83198154	83422130
83746719	83422151
83300150	83422173
83058873	83422174
83352872	83423755
83044310	83423756
82864477	83424966
83436280	83424967
83490810	83424968
83211676	83424972
83713882	83424975
83757955	83425000
83340631	83425017
83801075	83425018
83498363	83425019
82945611	83425020
83031933	83425042
83561245	83425044
83254048	83427781
83593845	83427810
82842083	83427925
83313994	83427926
83062957	83427936
83316098	83427937
82727805	83427938
83375803	83427939
83023691	83427940
83406050	83427965
82605787	83427966
83624929	83428800
83533564	83428957
26607410	83428959
83040058	83428966
83608084	83428967
83651429	83429828
83058892	83429829
83425020	83429944
83195006	83429945
83429964	83429954
83434981	83429955
83647865	83429964
83651719	83429966
82888857	83431793
82846791	83431794
83479332	83431810
83333600	83434792
83062950	83434844
83381210	83434868
83406031	83434930
83424972	83434934
83733922	83434953
83406057	83434956
83598479	83434964
82842134	83434975
83325981	83434981
83111815	83436115
83135005	83436116
83742505	83436119
83490833	83436124
83230812	83436145
83220908	83436259
83641959	83436261
83198733	83436262
83098702	83436263
83131178	83436264
83414900	83436268
83555899	83436273
83604387	83436275
83756643	83436278
82914676	83436279
83699741	83436280
83198716	83436281
83414937	83436284
83636186	83436286
83414133	83436287
82842155	83436292
83508883	83436296
83794900	83436298
83056303	83436299
83516390	83436300
26571479	83436304
83801064	83436308
82842118	83436350
82792733	83436351
83317583	83436352
83551022	83436353
82945557	83436354
83044439	83436355
82809024	83436356
83584131	83436357
83393076	83436358
83614973	83436359
83406055	83436360
83529003	83436361
83414164	83436362
83758658	83436363
83651531	83436364
83044443	83436365
83706837	83436366
83317597	83436367
83474331	83436368
83098758	83436369
83749934	83436370
82937181	83436371
83058886	83436372
82937179	83436373
83727173	83436374
83748802	83436375
83418414	83436376
26571477	83436377
83801970	83436378
83786731	83436379
83709853	83436380
83220909	83436381
83757950	83436382
83651510	83436383
83451083	83436384
83533724	83436385
83709852	83436386
83573188	83436387
83573071	83436388
82712754	83436391
83131100	83436392
82788240	83436398
83188824	83437753
83139946	83437881
83343704	83437883
82901675	83437886
83406047	83437887
82823330	83437888
82727806	83437891
83713857	83437905
82888861	83437907
83801963	83438903
83617869	83438907
83198656	83438912
82712760	83438914
83685982	83441797
83600547	83441798
83527869	83441809
83479352	83442759
83752813	83444877
83452144	83444905
83073851	83444908
83532011	83444915
83031955	83444917
83775974	83444920
83397112	83444926
83486924	83445831
83370903	83445862
82712766	83446713
83694826	83446751
83629940	83446754
83163078	83446755
83508884	83446756
82788267	83446757
83593835	83446758
83280940	83446759
83595120	83446760
83131197	83446762
83534621	83446763
82727801	83446764
83044337	83446765
83398788	83446778
83702857	83446780
83651465	83446781
82842070	83446782
82727770	83446783
82945486	83446788
83482816	83446789
83467967	83446790
83404173	83446796
82968050	83446800
82712827	83446801
83365401	83446802
83040034	83446803
83278760	83446807
83436300	83446809
83527846	83447746
83801077	83447777
83280197	83447790
83254001	83447822
83031926	83451083
83479345	83451134
83444920	83451135
83758835	83451136
83490750	83451202
83492587	83451204
83551039	83451209
83058841	83451211
82917229	83451212
83497216	83451226
83379655	83451227
82978724	83451228
82587658	83451231
83502076	83451233
83462445	83451242
83343683	83451259
83040209	83451273
83562624	83451286
83492571	83452060
83414947	83452099
83801099	83452133
82968091	83452139
83365215	83452143
83031883	83452144
83314039	83452146
83436264	83455928
82712762	83455930
83534831	83455941
82727809	83455950
83414019	83455952
83129423	83455954
83585163	83457200
83437753	83457212
83441809	83459753
83650184	83461152
83638109	83461153
83131175	83461160
83409785	83461173
82841963	83461175
83626205	83461177
83220894	83461796
83352876	83462417
83651617	83462437
83357974	83462445
83305381	83467945
83614963	83467946
83058861	83467952
83313757	83467961
82712765	83467963
83375839	83467966
83340626	83467967
83073879	83467968
83551041	83468061
83492565	83468170
83629984	83468905
83801937	83468914
83748844	83468922
82941799	83468931
82970773	83468938
83317592	83468994
83801063	83469032
82842084	83471847
83375861	83471849
83327504	83471867
83040291	83471978
82842013	83471983
83305376	83471988
82754029	83471993
83490835	83471996
83173211	83472004
82842233	83472005
83163184	83472027
83298093	83472028
82788276	83472029
83636154	83472030
82984348	83472032
83479337	83472042
83345823	83472094
83281009	83472096
83368252	83473059
82766230	83473070
83359540	83473089
83561247	83473091
83582060	83473100
83725677	83473105
83551046	83474247
83031874	83474326
83533565	83474329
83374023	83474331
83600501	83474340
83340630	83475276
83176788	83475278
83713874	83475279
83582093	83479322
83177906	83479325
83608098	83479327
82868830	83479328
83436275	83479332
83492577	83479337
83021734	83479341
82945577	83479345
82986544	83479346
83651461	83479347
83031972	83479348
83568583	83479351
83040152	83479352
83651547	83480059
83436364	83480071
82712875	83482816
83141927	83482843
83381074	83482844
82888831	83482860
83683691	83482861
83490652	83482862
83198670	83483766
83702096	83483771
83746843	83483822
82722867	83483908
83724622	83483931
83310435	83486609
83056028	83486834
83431793	83486924
82754021	83487011
83223589	83487205
83775937	83487762
82841966	83487783
83406053	83487968
83316110	83487976
83385507	83487978
83111845	83490636
83702854	83490638
83472004	83490652
83317406	83490659
83254050	83490668
82754030	83490690
82766240	83490723
83058894	83490750
83705609	83490751
83479347	83490753
83357938	83490754
83124409	83490757
83593292	83490762
83040295	83490763
83633683	83490764
82945613	83490768
83431810	83490769
83040150	83490772
83384243	83490773
82984363	83490802
82788231	83490803
82868753	83490804
83651350	83490805
83317619	83490806
83809049	83490808
83492662	83490810
83625695	83490811
83797061	83490813
83438903	83490814
83436261	83490820
83600515	83490822
83461153	83490823
83414016	83490826
83573203	83490830
83694796	83490832
82888825	83490833
83647856	83490834
83716753	83490835
83317420	83490836
82720599	83490837
83683692	83490838
83367066	83490839
83490772	83490840
83031934	83490841
83357935	83490842
82868765	83490843
83702955	83490844
83720736	83490845
83151812	83490846
83031903	83490847
83398775	83490848
83725516	83490849
83725563	83490850
83716903	83490851
83757943	83490852
83357921	83490853
83647835	83490854
83278673	83490855
83551048	83490856
83801945	83490857
83794021	83490858
83618924	83490859
83246253	83490860
83479327	83492514
83414153	83492515
83613900	83492539
82888868	83492562
83427966	83492565
83651508	83492566
	83492568
	83492570
	83492571
	83492572
	83492573
	83492577
	83492585
	83492586
	83492587
	83492662
	83492663
	83497205
	83497210
	83497216
	83497225
	83497228
	83498355
	83498362
	83498363
	83498367
	83498368
	83498373
	83498374
	83498375
	83499791
	83499792
	83502073
	83502074
	83502076
	83504132
	83504133
	83508239
	83508248
	83508249
	83508265
	83508274
	83508278
	83508280
	83508281
	83508282
	83508283
	83508284
	83508285
	83508287
	83508883
	83508884
	83508885
	83508886
	83508892
	83508894
	83508896
	83508902
	83512372
	83512407
	83512411
	83512412
	83512480
	83512944
	83513314
	83514924
	83514935
	83514946
	83514966
	83514967
	83514971
	83516353
	83516382
	83516390
	83516401
	83518784
